[gd_scene load_steps=21 format=3 uid="uid://dcxiwv3b23px7"]

[ext_resource type="PackedScene" uid="uid://buiiq3pt2tk7" path="res://src/player/player.tscn" id="1_3dhbf"]
[ext_resource type="PackedScene" uid="uid://bwbpd8plw257u" path="res://src/world/assets/rockFlat.glb" id="1_emh8c"]
[ext_resource type="PackedScene" uid="uid://cdikuu3mffxbp" path="res://src/world/assets/rockFlatGrass.glb" id="2_bup4j"]
[ext_resource type="PackedScene" uid="uid://d25sss2vqemr5" path="res://src/world/assets/tree_palmBend.glb" id="3_gcse5"]
[ext_resource type="PackedScene" uid="uid://xl18jqqcuam1" path="res://src/world/assets/tree_palmDetailedShort.glb" id="4_xd1p1"]
[ext_resource type="PackedScene" uid="uid://djfs8xkaldhui" path="res://src/world/assets/tree_palmDetailedTall.glb" id="5_8ygsk"]
[ext_resource type="Texture2D" uid="uid://c34hsvxgeiql2" path="res://src/world/map.png" id="6_sgv74"]

[sub_resource type="PhysicalSkyMaterial" id="PhysicalSkyMaterial_t2ljb"]

[sub_resource type="Sky" id="Sky_okdtc"]
sky_material = SubResource("PhysicalSkyMaterial_t2ljb")

[sub_resource type="Environment" id="Environment_rj4us"]
background_mode = 2
sky = SubResource("Sky_okdtc")
tonemap_mode = 3

[sub_resource type="StandardMaterial3D" id="StandardMaterial3D_dv2gu"]
albedo_color = Color(0.372549, 0.721569, 1, 1)

[sub_resource type="PlaneMesh" id="PlaneMesh_vcuvs"]
size = Vector2(5000, 5000)
subdivide_width = 50
subdivide_depth = 50

[sub_resource type="StandardMaterial3D" id="StandardMaterial3D_3oc5q"]
albedo_color = Color(1, 0, 0.0588235, 1)

[sub_resource type="BoxMesh" id="BoxMesh_6d2tg"]
size = Vector3(10, 100, 10)

[sub_resource type="StandardMaterial3D" id="StandardMaterial3D_dudsg"]
albedo_color = Color(1, 0, 0.988235, 1)

[sub_resource type="StandardMaterial3D" id="StandardMaterial3D_vpcxp"]
albedo_color = Color(0, 0.054902, 1, 1)

[sub_resource type="StandardMaterial3D" id="StandardMaterial3D_risk6"]
albedo_color = Color(0, 0.988235, 1, 1)

[sub_resource type="StandardMaterial3D" id="StandardMaterial3D_wvi4k"]
albedo_color = Color(0, 1, 0.0117647, 1)

[sub_resource type="StandardMaterial3D" id="StandardMaterial3D_yjcu3"]
albedo_color = Color(0.901961, 1, 0, 1)

[sub_resource type="StandardMaterial3D" id="StandardMaterial3D_kiojr"]
albedo_color = Color(1, 0.658824, 0, 1)

[node name="World" type="Node3D"]

[node name="WorldEnvironment" type="WorldEnvironment" parent="."]
environment = SubResource("Environment_rj4us")

[node name="DirectionalLight3D" type="DirectionalLight3D" parent="WorldEnvironment"]
transform = Transform3D(0.5, 0.701135, -0.50834, 3.07336e-08, 0.58698, 0.809601, 0.866025, -0.404801, 0.29349, 0, 0, 0)

[node name="Player" parent="." instance=ExtResource("1_3dhbf")]
transform = Transform3D(1, 0, 0, 0, 1, 0, 0, 0, 1, -53, 0.0464362, 234)

[node name="Map Overlay" type="Sprite3D" parent="."]
transform = Transform3D(-1, 8.74228e-08, 3.82137e-15, 0, -4.37114e-08, 1, 8.74228e-08, 1, 4.37114e-08, 667.75, 24, -501.498)
visible = false
centered = false
pixel_size = 0.9315
texture = ExtResource("6_sgv74")

[node name="Island Base" type="Node3D" parent="."]
metadata/_edit_group_ = true

[node name="Water" type="MeshInstance3D" parent="Island Base"]
transform = Transform3D(1, 0, 0, 0, 1, 0, 0, 0, 1, 0, -1, 0)
material_override = SubResource("StandardMaterial3D_dv2gu")
mesh = SubResource("PlaneMesh_vcuvs")

[node name="rockFlat" parent="Island Base" instance=ExtResource("1_emh8c")]
transform = Transform3D(650, 0, 0, 0, 1, 0, 0, 0, 650, 0, 0, 0)

[node name="rockFlat2" parent="Island Base" instance=ExtResource("1_emh8c")]
transform = Transform3D(20.8526, 0, 99.029, 0, 30, 0, -148.543, 0, 13.9018, -283.021, 0.159491, 309.8)

[node name="rockFlat3" parent="Island Base" instance=ExtResource("1_emh8c")]
transform = Transform3D(18.4545, 0, 99.2403, 0, 40, 0, -148.86, 0, 12.303, -351.616, -1.7269, 279.886)

[node name="rockFlat4" parent="Island Base" instance=ExtResource("1_emh8c")]
transform = Transform3D(41.3028, 0, -96.1343, 0, 30, 0, 144.201, 0, 27.5352, 398.507, 0.159491, 72.2329)

[node name="rockFlatGrass" parent="Island Base" instance=ExtResource("2_bup4j")]
transform = Transform3D(143.212, 0, -139.608, 0, 100, 0, 139.608, 0, 143.212, 253.9, 0.165009, -84.2872)

[node name="rockFlatGrass19" parent="Island Base" instance=ExtResource("2_bup4j")]
transform = Transform3D(199.703, 0, -10.8924, 0, 100, 0, 10.8924, 0, 199.703, 157.625, -10.1573, 17.8242)

[node name="rockFlatGrass20" parent="Island Base" instance=ExtResource("2_bup4j")]
transform = Transform3D(178.574, 0, 90.0633, 0, 100, 0, -90.0633, 0, 178.574, 230.582, -12.5031, 103.325)

[node name="rockFlatGrass21" parent="Island Base" instance=ExtResource("2_bup4j")]
transform = Transform3D(171.502, 0, -102.894, 0, 100, 0, 102.894, 0, 171.502, 15.838, -14.0843, 110.131)

[node name="rockFlatGrass22" parent="Island Base" instance=ExtResource("2_bup4j")]
transform = Transform3D(171.374, 0, 103.106, 0, 100, 0, -103.106, 0, 171.374, 307.233, -14.0843, 127.319)

[node name="rockFlatGrass2" parent="Island Base" instance=ExtResource("2_bup4j")]
transform = Transform3D(191.463, 0, -57.8097, 0, 100, 0, 57.8097, 0, 191.463, -291.067, 0.165009, -14.7839)

[node name="rockFlatGrass3" parent="Island Base" instance=ExtResource("2_bup4j")]
transform = Transform3D(245.021, 0, -49.6453, 0, 250, 0, 49.6453, 0, 245.021, -206.173, 0.165009, -133.395)

[node name="rockFlatGrass4" parent="Island Base" instance=ExtResource("2_bup4j")]
transform = Transform3D(237.017, 0, 79.5165, 0, 250, 0, -79.5165, 0, 237.017, 104.827, -6.12864, -136.646)

[node name="rockFlatGrass5" parent="Island Base" instance=ExtResource("2_bup4j")]
transform = Transform3D(94.8069, 0, 31.8066, 0, 200, 0, -31.8066, 0, 94.8069, 149.545, 32.4755, -196.421)

[node name="rockFlatGrass6" parent="Island Base" instance=ExtResource("2_bup4j")]
transform = Transform3D(-99.8299, 0, 5.8296, 0, 200, 0, -5.8296, 0, -99.8299, 42.4269, 28.0499, -151.444)

[node name="rockFlatGrass7" parent="Island Base" instance=ExtResource("2_bup4j")]
transform = Transform3D(98.4165, 0, -17.7257, 0, 200, 0, 17.7257, 0, 98.4165, -75.5615, 22.8738, -132.506)

[node name="rockFlatGrass8" parent="Island Base" instance=ExtResource("2_bup4j")]
transform = Transform3D(-99.8395, 0, 5.66405, 0, 200, 0, -5.66405, 0, -99.8395, -180.891, 18.3246, -170.168)

[node name="rockFlatGrass9" parent="Island Base" instance=ExtResource("2_bup4j")]
transform = Transform3D(99.9999, 0, 0.179767, 0, 200, 0, -0.179767, 0, 99.9999, -273.545, 14.1223, -147.481)

[node name="rockFlatGrass10" parent="Island Base" instance=ExtResource("2_bup4j")]
transform = Transform3D(99.2992, 0, 11.8179, 0, 200, 0, -11.8179, 0, 99.2992, -256.503, 4.64365, -69.9121)

[node name="rockFlatGrass11" parent="Island Base" instance=ExtResource("2_bup4j")]
transform = Transform3D(99.9108, 0, -4.22418, 0, 200, 0, 4.22418, 0, 99.9108, -264.171, -0.646111, -45.4525)

[node name="rockFlatGrass12" parent="Island Base" instance=ExtResource("2_bup4j")]
transform = Transform3D(88.9416, 0, 45.7098, 0, 200, 0, -45.7098, 0, 88.9416, -294.345, -5.8258, -56.6559)

[node name="rockFlatGrass13" parent="Island Base" instance=ExtResource("2_bup4j")]
transform = Transform3D(88.9416, 0, 45.7098, 0, 200, 0, -45.7098, 0, 88.9416, -33.6887, -3.4143, -13.7286)

[node name="rockFlatGrass14" parent="Island Base" instance=ExtResource("2_bup4j")]
transform = Transform3D(-96.0876, 0, -27.6979, 0, 200, 0, 27.6979, 0, -96.0876, -97.7279, -7.56396, -33.3738)

[node name="rockFlatGrass15" parent="Island Base" instance=ExtResource("2_bup4j")]
transform = Transform3D(-96.6106, 0, 25.8145, 0, 200, 0, -25.8145, 0, -96.6106, -288.436, -8.65437, 393.611)

[node name="rockFlatGrass16" parent="Island Base" instance=ExtResource("2_bup4j")]
transform = Transform3D(0.410156, 0, 99.9992, 0, 200, 0, -99.9992, 0, 0.410156, -288.436, -14.0401, 350.465)

[node name="rockFlatGrass17" parent="Island Base" instance=ExtResource("2_bup4j")]
transform = Transform3D(-75.4091, 0, -65.677, 0, 200, 0, 65.677, 0, -75.4091, -326.248, -18.3652, 268.264)

[node name="rockFlatGrass18" parent="Island Base" instance=ExtResource("2_bup4j")]
transform = Transform3D(-31.7122, 0, 94.8385, 0, 200, 0, -94.8385, 0, -31.7122, -311.957, -23.1216, 168.948)

[node name="North Beach" type="Node3D" parent="."]
metadata/_edit_group_ = true

[node name="tree_palmBend" parent="North Beach" instance=ExtResource("3_gcse5")]
transform = Transform3D(0.7619, 0, -0.647694, 0, 1, 0, 0.647694, 0, 0.7619, -37, 0, 229)

[node name="tree_palmDetailedShort" parent="North Beach" instance=ExtResource("4_xd1p1")]
transform = Transform3D(0.652032, 0, 0.758191, 0, 1, 0, -0.758191, 0, 0.652032, -41.6999, 0.0276642, 227.66)

[node name="tree_palmDetailedTall" parent="North Beach" instance=ExtResource("5_8ygsk")]
transform = Transform3D(0.875372, 0, -0.48345, 0, 1, 0, 0.48345, 0, 0.875372, -33.4052, 0.0297623, 222.076)

[node name="tree_palmBend2" parent="North Beach" instance=ExtResource("3_gcse5")]
transform = Transform3D(0.823928, 0, -0.566694, 0, 1, 0, 0.566694, 0, 0.823928, -40.0419, 0.0293617, 226.059)

[node name="tree_palmDetailedShort2" parent="North Beach" instance=ExtResource("4_xd1p1")]
transform = Transform3D(0.440942, 0, -0.897536, 0, 1, 0, 0.897536, 0, 0.440942, -31.2342, 0.023365, 223.243)

[node name="tree_palmDetailedTall2" parent="North Beach" instance=ExtResource("5_8ygsk")]
transform = Transform3D(-0.975764, 0, -0.218824, 0, 1, 0, 0.218824, 0, -0.975764, -27.9226, 0.0290318, 219.186)

[node name="tree_palmDetailedShort3" parent="North Beach" instance=ExtResource("4_xd1p1")]
transform = Transform3D(0.428904, 0, 0.90335, 0, 1, 0, -0.90335, 0, 0.428904, -28.5226, 0.023447, 221.647)

[node name="tree_palmBend3" parent="North Beach" instance=ExtResource("3_gcse5")]
transform = Transform3D(0.122424, 0, 0.992478, 0, 1, 0, -0.992478, 0, 0.122424, -23.8538, 0.0203323, 220.129)

[node name="tree_palmBend4" parent="North Beach" instance=ExtResource("3_gcse5")]
transform = Transform3D(-0.501178, 0, 0.865344, 0, 1, 0, -0.865344, 0, -0.501178, -34.9185, 0, 216.032)

[node name="tree_palmDetailedShort4" parent="North Beach" instance=ExtResource("4_xd1p1")]
transform = Transform3D(-0.86819, 0, -0.496232, 0, 1, 0, 0.496232, 0, -0.86819, -30.9383, 0.0276642, 218.868)

[node name="tree_palmDetailedTall3" parent="North Beach" instance=ExtResource("5_8ygsk")]
transform = Transform3D(-0.663077, 0, 0.748551, 0, 1, 0, -0.748551, 0, -0.663077, -40.6233, 0.0297623, 221.354)

[node name="tree_palmBend5" parent="North Beach" instance=ExtResource("3_gcse5")]
transform = Transform3D(-0.58674, 0, 0.809776, 0, 1, 0, -0.809776, 0, -0.58674, -33.0363, 0.0293617, 219.821)

[node name="tree_palmDetailedShort5" parent="North Beach" instance=ExtResource("4_xd1p1")]
transform = Transform3D(-0.115111, 0, 0.993353, 0, 1, 0, -0.993353, 0, -0.115111, -42.2784, 0.023365, 219.527)

[node name="tree_palmDetailedTall4" parent="North Beach" instance=ExtResource("5_8ygsk")]
transform = Transform3D(0.992728, 0, -0.120379, 0, 1, 0, 0.120379, 0, 0.992728, -46.7571, 0.0290318, 222.242)

[node name="tree_palmDetailedShort6" parent="North Beach" instance=ExtResource("4_xd1p1")]
transform = Transform3D(-0.706514, 0, -0.707699, 0, 1, 0, 0.707699, 0, -0.706514, -45.3681, 0.023447, 220.124)

[node name="tree_palmBend6" parent="North Beach" instance=ExtResource("3_gcse5")]
transform = Transform3D(-0.447541, 0, -0.894264, 0, 1, 0, 0.894264, 0, -0.447541, -50.2756, 0.0203323, 219.992)

[node name="tree_palmBend7" parent="North Beach" instance=ExtResource("3_gcse5")]
transform = Transform3D(-0.996542, 0, 0.0830865, 0, 1, 0, -0.0830865, 0, -0.996542, -69.8741, 3.8147e-06, 236.094)

[node name="tree_palmDetailedShort7" parent="North Beach" instance=ExtResource("4_xd1p1")]
transform = Transform3D(-0.0887726, 0, -0.996052, 0, 1, 0, 0.996052, 0, -0.0887726, -65.2726, 0.027668, 234.447)

[node name="tree_palmDetailedTall5" parent="North Beach" instance=ExtResource("5_8ygsk")]
transform = Transform3D(-0.993189, 0, -0.116515, 0, 1, 0, 0.116515, 0, -0.993189, -68.7662, 0.0297661, 243.816)

[node name="tree_palmBend8" parent="North Beach" instance=ExtResource("3_gcse5")]
transform = Transform3D(-0.999822, 0, -0.0188833, 0, 1, 0, 0.0188833, 0, -0.999822, -65.6889, 0.0293655, 236.714)

[node name="tree_palmDetailedShort8" parent="North Beach" instance=ExtResource("4_xd1p1")]
transform = Transform3D(-0.881023, 0, 0.473074, 0, 1, 0, -0.473074, 0, -0.881023, -71.2109, 0.0233688, 244.131)

[node name="tree_palmDetailedTall6" parent="North Beach" instance=ExtResource("5_8ygsk")]
transform = Transform3D(0.665986, 0, 0.745964, 0, 1, 0, -0.745964, 0, 0.665986, -71.5413, 0.0290356, 249.358)

[node name="tree_palmDetailedShort9" parent="North Beach" instance=ExtResource("4_xd1p1")]
transform = Transform3D(0.177153, 0, -0.984183, 0, 1, 0, 0.984183, 0, 0.177153, -72.4861, 0.0234509, 247.008)

[node name="tree_palmBend9" parent="North Beach" instance=ExtResource("3_gcse5")]
transform = Transform3D(0.478232, 0, -0.878233, 0, 1, 0, 0.878233, 0, 0.478232, -75.3987, 0.0203362, 250.959)

[node name="tree_palmBend10" parent="North Beach" instance=ExtResource("3_gcse5")]
transform = Transform3D(-0.774006, 0, 0.633178, 0, 1, 0, -0.633178, 0, -0.774006, -1.87057, 3.8147e-06, 204.888)

[node name="tree_palmDetailedShort10" parent="North Beach" instance=ExtResource("4_xd1p1")]
transform = Transform3D(-0.637585, 0, -0.77038, 0, 1, 0, 0.77038, 0, -0.637585, 2.85377, 0.027668, 206.139)

[node name="tree_palmDetailedTall7" parent="North Beach" instance=ExtResource("5_8ygsk")]
transform = Transform3D(-0.884353, 0, 0.466819, 0, 1, 0, -0.466819, 0, -0.884353, -5.33383, 0.0297661, 211.879)

[node name="tree_palmBend11" parent="North Beach" instance=ExtResource("3_gcse5")]
transform = Transform3D(-0.834492, 0, 0.55102, 0, 1, 0, -0.55102, 0, -0.834492, 1.22632, 0.0293655, 207.771)

[node name="tree_palmDetailedShort11" parent="North Beach" instance=ExtResource("4_xd1p1")]
transform = Transform3D(-0.457827, 0, 0.889041, 0, 1, 0, -0.889041, 0, -0.457827, -7.52652, 0.0233688, 210.753)

[node name="tree_palmDetailedTall8" parent="North Beach" instance=ExtResource("5_8ygsk")]
transform = Transform3D(0.971454, 0, 0.237228, 0, 1, 0, -0.237228, 0, 0.971454, -10.7608, 0.0290356, 214.872)

[node name="tree_palmDetailedShort12" parent="North Beach" instance=ExtResource("4_xd1p1")]
transform = Transform3D(-0.411753, 0, -0.911296, 0, 1, 0, 0.911296, 0, -0.411753, -10.2075, 0.0234509, 212.4)

[node name="tree_palmBend12" parent="North Beach" instance=ExtResource("3_gcse5")]
transform = Transform3D(-0.103643, 0, -0.994615, 0, 1, 0, 0.994615, 0, -0.103643, -14.8467, 0.0203362, 214.006)

[node name="tree_palmBend13" parent="North Beach" instance=ExtResource("3_gcse5")]
transform = Transform3D(0.704808, 0, -0.709399, 0, 1, 0, 0.709399, 0, 0.704808, -27.3932, 3.8147e-06, 209.448)

[node name="tree_palmDetailedShort13" parent="North Beach" instance=ExtResource("4_xd1p1")]
transform = Transform3D(0.713409, 0, 0.700747, 0, 1, 0, -0.700747, 0, 0.713409, -31.9639, 0.027668, 207.718)

[node name="tree_palmDetailedTall9" parent="North Beach" instance=ExtResource("5_8ygsk")]
transform = Transform3D(0.831673, 0, -0.555265, 0, 1, 0, 0.555265, 0, 0.831673, -23.2296, 0.0297661, 202.851)

[node name="tree_palmBend14" parent="North Beach" instance=ExtResource("3_gcse5")]
transform = Transform3D(0.77342, 0, -0.633894, 0, 1, 0, 0.633894, 0, 0.77342, -30.1773, 0.0293655, 206.262)

[node name="tree_palmDetailedShort14" parent="North Beach" instance=ExtResource("4_xd1p1")]
transform = Transform3D(0.363999, 0, -0.931399, 0, 1, 0, 0.931399, 0, 0.363999, -21.1643, 0.0233688, 204.196)

[node name="tree_palmDetailedTall10" parent="North Beach" instance=ExtResource("5_8ygsk")]
transform = Transform3D(-0.990696, 0, -0.136096, 0, 1, 0, 0.136096, 0, -0.990696, -17.5236, 0.0290356, 200.431)

[node name="tree_palmDetailedShort15" parent="North Beach" instance=ExtResource("4_xd1p1")]
transform = Transform3D(0.503261, 0, 0.864134, 0, 1, 0, -0.864134, 0, 0.503261, -18.3281, 0.0234509, 202.833)

[node name="tree_palmBend15" parent="North Beach" instance=ExtResource("3_gcse5")]
transform = Transform3D(0.20535, 0, 0.978689, 0, 1, 0, -0.978689, 0, 0.20535, -13.5484, 0.0203362, 201.713)

[node name="tree_palmBend16" parent="North Beach" instance=ExtResource("3_gcse5")]
transform = Transform3D(0.196117, 0, 0.98058, 0, 1, 0, -0.98058, 0, 0.196117, -39.2631, 3.8147e-06, 201.025)

[node name="tree_palmDetailedShort16" parent="North Beach" instance=ExtResource("4_xd1p1")]
transform = Transform3D(-0.979445, 0, 0.20171, 0, 1, 0, -0.20171, 0, -0.979445, -38.1519, 0.027668, 205.785)

[node name="tree_palmDetailedTall11" parent="North Beach" instance=ExtResource("5_8ygsk")]
transform = Transform3D(-0.00256559, 0, 0.999997, 0, 1, 0, -0.999997, 0, -0.00256559, -47.0614, 0.0297661, 201.246)

[node name="tree_palmBend17" parent="North Beach" instance=ExtResource("3_gcse5")]
transform = Transform3D(0.0951857, 0, 0.99546, 0, 1, 0, -0.99546, 0, 0.0951857, -40.3562, 0.0293655, 205.113)

[node name="tree_palmDetailedShort17" parent="North Beach" instance=ExtResource("4_xd1p1")]
transform = Transform3D(0.570398, 0, 0.821368, 0, 1, 0, -0.821368, 0, 0.570398, -47.0955, 0.0233688, 198.781)

[node name="tree_palmDetailedTall12" parent="North Beach" instance=ExtResource("5_8ygsk")]
transform = Transform3D(0.665204, 0, -0.746661, 0, 1, 0, 0.746661, 0, 0.665204, -52.2509, 0.0290356, 197.857)

[node name="tree_palmDetailedShort18" parent="North Beach" instance=ExtResource("4_xd1p1")]
transform = Transform3D(-0.997961, 0, -0.0638355, 0, 1, 0, 0.0638355, 0, -0.997961, -49.8083, 0.0234509, 197.187)

[node name="tree_palmBend18" parent="North Beach" instance=ExtResource("3_gcse5")]
transform = Transform3D(-0.927014, 0, -0.375027, 0, 1, 0, 0.375027, 0, -0.927014, -53.4025, 0.0203362, 193.843)

[node name="tree_palmBend19" parent="North Beach" instance=ExtResource("3_gcse5")]
transform = Transform3D(0.196117, 0, 0.98058, 0, 1, 0, -0.98058, 0, 0.196117, -71.6028, 3.8147e-06, 224.386)

[node name="tree_palmDetailedShort19" parent="North Beach" instance=ExtResource("4_xd1p1")]
transform = Transform3D(-0.979445, 0, 0.20171, 0, 1, 0, -0.20171, 0, -0.979445, -70.4916, 0.027668, 229.145)

[node name="tree_palmDetailedTall13" parent="North Beach" instance=ExtResource("5_8ygsk")]
transform = Transform3D(-0.00256559, 0, 0.999997, 0, 1, 0, -0.999997, 0, -0.00256559, -79.4011, 0.0297661, 224.606)

[node name="tree_palmBend20" parent="North Beach" instance=ExtResource("3_gcse5")]
transform = Transform3D(0.0951857, 0, 0.99546, 0, 1, 0, -0.99546, 0, 0.0951857, -72.6959, 0.0293655, 228.473)

[node name="tree_palmDetailedShort20" parent="North Beach" instance=ExtResource("4_xd1p1")]
transform = Transform3D(0.570398, 0, 0.821368, 0, 1, 0, -0.821368, 0, 0.570398, -79.4352, 0.0233688, 222.141)

[node name="tree_palmDetailedTall14" parent="North Beach" instance=ExtResource("5_8ygsk")]
transform = Transform3D(0.665204, 0, -0.746661, 0, 1, 0, 0.746661, 0, 0.665204, -84.5906, 0.0290356, 221.217)

[node name="tree_palmDetailedShort21" parent="North Beach" instance=ExtResource("4_xd1p1")]
transform = Transform3D(-0.997961, 0, -0.0638355, 0, 1, 0, 0.0638355, 0, -0.997961, -82.148, 0.0234509, 220.547)

[node name="tree_palmBend21" parent="North Beach" instance=ExtResource("3_gcse5")]
transform = Transform3D(-0.927014, 0, -0.375027, 0, 1, 0, 0.375027, 0, -0.927014, -85.7422, 0.0203362, 217.203)

[node name="tree_palmBend22" parent="North Beach" instance=ExtResource("3_gcse5")]
transform = Transform3D(-0.976307, 0, 0.216389, 0, 1, 0, -0.216389, 0, -0.976307, -132.397, 0, 323.785)

[node name="tree_palmDetailedShort22" parent="North Beach" instance=ExtResource("4_xd1p1")]
transform = Transform3D(-0.221957, 0, -0.975056, 0, 1, 0, 0.975056, 0, -0.221957, -127.616, 0.0276642, 322.772)

[node name="tree_palmDetailedTall15" parent="North Beach" instance=ExtResource("5_8ygsk")]
transform = Transform3D(-0.999835, 0, 0.0181505, 0, 1, 0, -0.0181505, 0, -0.999835, -132.338, 0.0297623, 331.586)

[node name="tree_palmBend23" parent="North Beach" instance=ExtResource("3_gcse5")]
transform = Transform3D(-0.993274, 0, 0.115787, 0, 1, 0, -0.115787, 0, -0.993274, -128.333, 0.0293617, 324.962)

[node name="tree_palmDetailedShort23" parent="North Beach" instance=ExtResource("4_xd1p1")]
transform = Transform3D(-0.809376, 0, 0.587291, 0, 1, 0, -0.587291, 0, -0.809376, -134.803, 0.023365, 331.569)

[node name="tree_palmDetailedTall16" parent="North Beach" instance=ExtResource("5_8ygsk")]
transform = Transform3D(0.760281, 0, 0.649594, 0, 1, 0, -0.649594, 0, 0.760281, -135.834, 0.0290318, 336.704)

[node name="tree_palmDetailedShort24" parent="North Beach" instance=ExtResource("4_xd1p1")]
transform = Transform3D(0.0431485, 0, -0.999069, 0, 1, 0, 0.999069, 0, 0.0431485, -136.454, 0.023447, 334.248)

[node name="tree_palmBend24" parent="North Beach" instance=ExtResource("3_gcse5")]
transform = Transform3D(0.355743, 0, -0.934584, 0, 1, 0, 0.934584, 0, 0.355743, -139.871, 0.0203323, 337.772)

[node name="tree_palmBend25" parent="North Beach" instance=ExtResource("3_gcse5")]
transform = Transform3D(0.847576, 0, -0.530674, 0, 1, 0, 0.530674, 0, 0.847576, -128.175, 0, 336.221)

[node name="tree_palmDetailedShort25" parent="North Beach" instance=ExtResource("4_xd1p1")]
transform = Transform3D(0.535503, 0, 0.844534, 0, 1, 0, -0.844534, 0, 0.535503, -133.019, 0.0276642, 335.575)

[node name="tree_palmDetailedTall17" parent="North Beach" instance=ExtResource("5_8ygsk")]
transform = Transform3D(0.936096, 0, -0.351744, 0, 1, 0, 0.351744, 0, 0.936096, -125.62, 0.0297623, 328.85)

[node name="tree_palmBend26" parent="North Beach" instance=ExtResource("3_gcse5")]
transform = Transform3D(0.897235, 0, -0.441553, 0, 1, 0, 0.441553, 0, 0.897235, -131.61, 0.0293617, 333.752)

[node name="tree_palmDetailedShort26" parent="North Beach" instance=ExtResource("4_xd1p1")]
transform = Transform3D(0.566133, 0, -0.824314, 0, 1, 0, 0.824314, 0, 0.566133, -123.303, 0.023365, 329.691)

[node name="tree_palmDetailedTall18" parent="North Beach" instance=ExtResource("5_8ygsk")]
transform = Transform3D(-0.933849, 0, -0.357667, 0, 1, 0, 0.357667, 0, -0.933849, -120.613, 0.0290318, 325.197)

[node name="tree_palmDetailedShort27" parent="North Beach" instance=ExtResource("4_xd1p1")]
transform = Transform3D(0.293724, 0, 0.955891, 0, 1, 0, -0.955891, 0, 0.293724, -120.85, 0.023447, 327.719)

[node name="tree_palmBend27" parent="North Beach" instance=ExtResource("3_gcse5")]
transform = Transform3D(-0.0224255, 0, 0.999749, 0, 1, 0, -0.999749, 0, -0.0224255, -116.45, 0.0203323, 325.542)

[node name="tree_palmBend28" parent="North Beach" instance=ExtResource("3_gcse5")]
transform = Transform3D(0.919787, 0, 0.392417, 0, 1, 0, -0.392417, 0, 0.919787, -106.653, 3.8147e-06, 302.146)

[node name="tree_palmDetailedShort28" parent="North Beach" instance=ExtResource("4_xd1p1")]
transform = Transform3D(-0.387162, 0, 0.922012, 0, 1, 0, -0.922012, 0, -0.387162, -109.951, 0.027668, 305.752)

[node name="tree_palmDetailedTall19" parent="North Beach" instance=ExtResource("5_8ygsk")]
transform = Transform3D(0.823513, 0, 0.567298, 0, 1, 0, -0.567298, 0, 0.823513, -111.242, 0.0297661, 295.837)

[node name="tree_palmBend29" parent="North Beach" instance=ExtResource("3_gcse5")]
transform = Transform3D(0.875017, 0, 0.484092, 0, 1, 0, -0.484092, 0, 0.875017, -110.642, 0.0293655, 303.554)

[node name="tree_palmDetailedShort29" parent="North Beach" instance=ExtResource("4_xd1p1")]
transform = Transform3D(0.99998, 0, -0.00633557, 0, 1, 0, 0.00633557, 0, 0.99998, -109.228, 0.0233688, 294.416)

[node name="tree_palmDetailedTall20" parent="North Beach" instance=ExtResource("5_8ygsk")]
transform = Transform3D(-0.240008, 0, -0.970771, 0, 1, 0, 0.970771, 0, -0.240008, -111.379, 0.0290356, 289.641)

[node name="tree_palmDetailedShort30" parent="North Beach" instance=ExtResource("4_xd1p1")]
transform = Transform3D(-0.616693, 0, 0.787204, 0, 1, 0, -0.787204, 0, -0.616693, -109.446, 0.0234509, 291.277)

[node name="tree_palmBend30" parent="North Beach" instance=ExtResource("3_gcse5")]
transform = Transform3D(-0.833317, 0, 0.552795, 0, 1, 0, -0.552795, 0, -0.833317, -108.718, 0.0203362, 286.422)

[node name="tree_palmBend31" parent="North Beach" instance=ExtResource("3_gcse5")]
transform = Transform3D(0.980223, 0, -0.197897, 0, 1, 0, 0.197897, 0, 0.980223, -152.18, 3.8147e-06, 361.522)

[node name="tree_palmDetailedShort31" parent="North Beach" instance=ExtResource("4_xd1p1")]
transform = Transform3D(0.203488, 0, 0.979077, 0, 1, 0, -0.979077, 0, 0.203488, -156.941, 0.027668, 362.625)

[node name="tree_palmDetailedTall21" parent="North Beach" instance=ExtResource("5_8ygsk")]
transform = Transform3D(1, 0, 0.00075049, 0, 1, 0, -0.00075049, 0, 1, -152.386, 0.0297661, 353.723)

[node name="tree_palmBend32" parent="North Beach" instance=ExtResource("3_gcse5")]
transform = Transform3D(0.995285, 0, -0.0969924, 0, 1, 0, 0.0969924, 0, 0.995285, -156.265, 0.0293655, 360.422)

[node name="tree_palmDetailedShort32" parent="North Beach" instance=ExtResource("4_xd1p1")]
transform = Transform3D(0.820332, 0, -0.571888, 0, 1, 0, 0.571888, 0, 0.820332, -149.921, 0.0233688, 353.694)

[node name="tree_palmDetailedTall22" parent="North Beach" instance=ExtResource("5_8ygsk")]
transform = Transform3D(-0.747868, 0, -0.663848, 0, 1, 0, 0.663848, 0, -0.747868, -148.988, 0.0290356, 348.54)

[node name="tree_palmDetailedShort33" parent="North Beach" instance=ExtResource("4_xd1p1")]
transform = Transform3D(-0.062024, 0, 0.998075, 0, 1, 0, -0.998075, 0, -0.062024, -148.322, 0.0234509, 350.984)

[node name="tree_palmBend33" parent="North Beach" instance=ExtResource("3_gcse5")]
transform = Transform3D(-0.373344, 0, 0.927693, 0, 1, 0, -0.927693, 0, -0.373344, -144.971, 0.0203362, 347.396)

[node name="tree_palmBend34" parent="North Beach" instance=ExtResource("3_gcse5")]
transform = Transform3D(-0.954683, 0, 0.297625, 0, 1, 0, -0.297625, 0, -0.954683, -131.749, 3.8147e-06, 345.56)

[node name="tree_palmDetailedShort34" parent="North Beach" instance=ExtResource("4_xd1p1")]
transform = Transform3D(-0.303069, 0, -0.952969, 0, 1, 0, 0.952969, 0, -0.303069, -126.9, 0.027668, 344.952)

[node name="tree_palmDetailedTall23" parent="North Beach" instance=ExtResource("5_8ygsk")]
transform = Transform3D(-0.994778, 0, 0.102063, 0, 1, 0, -0.102063, 0, -0.994778, -132.346, 0.0297661, 353.338)

[node name="tree_palmBend35" parent="North Beach" instance=ExtResource("3_gcse5")]
transform = Transform3D(-0.980039, 0, 0.198804, 0, 1, 0, -0.198804, 0, -0.980039, -127.799, 0.0293655, 347.074)

[node name="tree_palmDetailedShort35" parent="North Beach" instance=ExtResource("4_xd1p1")]
transform = Transform3D(-0.757189, 0, 0.653196, 0, 1, 0, -0.653196, 0, -0.757189, -134.801, 0.0233688, 353.114)

[node name="tree_palmDetailedTall24" parent="North Beach" instance=ExtResource("5_8ygsk")]
transform = Transform3D(0.812155, 0, 0.583442, 0, 1, 0, -0.583442, 0, 0.812155, -136.259, 0.0290356, 358.145)

[node name="tree_palmDetailedShort36" parent="North Beach" instance=ExtResource("4_xd1p1")]
transform = Transform3D(-0.0409167, 0, -0.999163, 0, 1, 0, 0.999163, 0, -0.0409167, -136.67, 0.0234509, 355.645)

[node name="tree_palmBend36" parent="North Beach" instance=ExtResource("3_gcse5")]
transform = Transform3D(0.27599, 0, -0.961161, 0, 1, 0, 0.961161, 0, 0.27599, -140.372, 0.0203362, 358.87)

[node name="tree_palmBend37" parent="North Beach" instance=ExtResource("3_gcse5")]
transform = Transform3D(0.285036, 0, -0.958517, 0, 1, 0, 0.958517, 0, 0.285036, -117.319, 3.8147e-06, 347.456)

[node name="tree_palmDetailedShort37" parent="North Beach" instance=ExtResource("4_xd1p1")]
transform = Transform3D(0.960128, 0, 0.279561, 0, 1, 0, -0.279561, 0, 0.960128, -120.526, 0.027668, 343.769)

[node name="tree_palmDetailedTall25" parent="North Beach" instance=ExtResource("5_8ygsk")]
transform = Transform3D(0.469749, 0, -0.8828, 0, 1, 0, 0.8828, 0, 0.469749, -110.528, 0.0297661, 343.616)

[node name="tree_palmBend38" parent="North Beach" instance=ExtResource("3_gcse5")]
transform = Transform3D(0.381215, 0, -0.924486, 0, 1, 0, 0.924486, 0, 0.381215, -118.263, 0.0293655, 343.332)

[node name="tree_palmDetailedShort38" parent="North Beach" instance=ExtResource("4_xd1p1")]
transform = Transform3D(-0.120258, 0, -0.992743, 0, 1, 0, 0.992743, 0, -0.120258, -109.346, 0.0233688, 345.779)

[node name="tree_palmDetailedTall26" parent="North Beach" instance=ExtResource("5_8ygsk")]
transform = Transform3D(-0.937093, 0, 0.349079, 0, 1, 0, -0.349079, 0, -0.937093, -104.357, 0.0290356, 344.185)

[node name="tree_palmDetailedShort39" parent="North Beach" instance=ExtResource("4_xd1p1")]
transform = Transform3D(0.852358, 0, 0.52296, 0, 1, 0, -0.52296, 0, 0.852358, -106.202, 0.0234509, 345.92)

[node name="tree_palmBend39" parent="North Beach" instance=ExtResource("3_gcse5")]
transform = Transform3D(0.644164, 0, 0.764888, 0, 1, 0, -0.764888, 0, 0.644164, -101.462, 0.0203362, 347.196)

[node name="tree_palmBend40" parent="North Beach" instance=ExtResource("3_gcse5")]
transform = Transform3D(0.285036, 0, -0.958517, 0, 1, 0, 0.958517, 0, 0.285036, -99.651, 3.8147e-06, 311.688)

[node name="tree_palmDetailedShort40" parent="North Beach" instance=ExtResource("4_xd1p1")]
transform = Transform3D(0.960128, 0, 0.279561, 0, 1, 0, -0.279561, 0, 0.960128, -102.858, 0.027668, 308)

[node name="tree_palmDetailedTall27" parent="North Beach" instance=ExtResource("5_8ygsk")]
transform = Transform3D(0.469749, 0, -0.8828, 0, 1, 0, 0.8828, 0, 0.469749, -92.8604, 0.0297661, 307.847)

[node name="tree_palmBend41" parent="North Beach" instance=ExtResource("3_gcse5")]
transform = Transform3D(0.381215, 0, -0.924486, 0, 1, 0, 0.924486, 0, 0.381215, -100.595, 0.0293655, 307.564)

[node name="tree_palmDetailedShort41" parent="North Beach" instance=ExtResource("4_xd1p1")]
transform = Transform3D(-0.120258, 0, -0.992743, 0, 1, 0, 0.992743, 0, -0.120258, -91.6781, 0.0233688, 310.01)

[node name="tree_palmDetailedTall28" parent="North Beach" instance=ExtResource("5_8ygsk")]
transform = Transform3D(-0.937093, 0, 0.349079, 0, 1, 0, -0.349079, 0, -0.937093, -86.6888, 0.0290356, 308.417)

[node name="tree_palmDetailedShort42" parent="North Beach" instance=ExtResource("4_xd1p1")]
transform = Transform3D(0.852358, 0, 0.52296, 0, 1, 0, -0.52296, 0, 0.852358, -88.5344, 0.0234509, 310.151)

[node name="tree_palmBend42" parent="North Beach" instance=ExtResource("3_gcse5")]
transform = Transform3D(0.644164, 0, 0.764888, 0, 1, 0, -0.764888, 0, 0.644164, -83.7939, 0.0203362, 311.427)

[node name="tree_palmBend43" parent="North Beach" instance=ExtResource("3_gcse5")]
transform = Transform3D(-0.698053, 0, -0.716046, 0, 1, 0, 0.716046, 0, -0.698053, 121.379, -3.05176e-05, 307.794)

[node name="tree_palmDetailedShort43" parent="North Beach" instance=ExtResource("4_xd1p1")]
transform = Transform3D(0.71205, 0, -0.702128, 0, 1, 0, 0.702128, 0, 0.71205, 123.036, 0.0276337, 303.196)

[node name="tree_palmDetailedTall29" parent="North Beach" instance=ExtResource("5_8ygsk")]
transform = Transform3D(-0.541914, 0, -0.840434, 0, 1, 0, 0.840434, 0, -0.541914, 128.042, 0.0297318, 311.852)

[node name="tree_palmBend44" parent="North Beach" instance=ExtResource("3_gcse5")]
transform = Transform3D(-0.621462, 0, -0.783444, 0, 1, 0, 0.783444, 0, -0.621462, 124.52, 0.0293312, 304.959)

[node name="tree_palmDetailedShort44" parent="North Beach" instance=ExtResource("4_xd1p1")]
transform = Transform3D(-0.925468, 0, -0.378826, 0, 1, 0, 0.378826, 0, -0.925468, 126.73, 0.0233345, 313.938)

[node name="tree_palmDetailedTall30" parent="North Beach" instance=ExtResource("5_8ygsk")]
transform = Transform3D(-0.151899, 0, 0.988396, 0, 1, 0, -0.988396, 0, -0.151899, 130.553, 0.0290012, 317.518)

[node name="tree_palmDetailedShort45" parent="North Beach" instance=ExtResource("4_xd1p1")]
transform = Transform3D(0.872061, 0, -0.489398, 0, 1, 0, 0.489398, 0, 0.872061, 128.138, 0.0234165, 316.752)

[node name="tree_palmBend45" parent="North Beach" instance=ExtResource("3_gcse5")]
transform = Transform3D(0.981843, 0, -0.189695, 0, 1, 0, 0.189695, 0, 0.981843, 129.334, 0.0203018, 321.514)

[node name="tree_palmBend46" parent="North Beach" instance=ExtResource("3_gcse5")]
transform = Transform3D(0.897451, 0, 0.441114, 0, 1, 0, -0.441114, 0, 0.897451, 134.175, -3.05176e-05, 310.753)

[node name="tree_palmDetailedShort46" parent="North Beach" instance=ExtResource("4_xd1p1")]
transform = Transform3D(-0.435985, 0, 0.899954, 0, 1, 0, -0.899954, 0, -0.435985, 131.075, 0.0276337, 314.531)

[node name="tree_palmDetailedTall31" parent="North Beach" instance=ExtResource("5_8ygsk")]
transform = Transform3D(0.791949, 0, 0.610587, 0, 1, 0, -0.610587, 0, 0.791949, 129.254, 0.0297318, 304.7)

[node name="tree_palmBend47" parent="North Beach" instance=ExtResource("3_gcse5")]
transform = Transform3D(0.847835, 0, 0.530259, 0, 1, 0, -0.530259, 0, 0.847835, 130.266, 0.0293312, 312.373)

[node name="tree_palmDetailedShort47" parent="North Beach" instance=ExtResource("4_xd1p1")]
transform = Transform3D(0.998884, 0, 0.0472282, 0, 1, 0, -0.0472282, 0, 0.998884, 131.189, 0.0233345, 303.173)

[node name="tree_palmDetailedTall32" parent="North Beach" instance=ExtResource("5_8ygsk")]
transform = Transform3D(-0.187673, 0, -0.982232, 0, 1, 0, 0.982232, 0, -0.187673, 128.785, 0.0290012, 298.52)

[node name="tree_palmDetailedShort48" parent="North Beach" instance=ExtResource("4_xd1p1")]
transform = Transform3D(-0.657967, 0, 0.753047, 0, 1, 0, -0.753047, 0, -0.657967, 130.804, 0.0234165, 300.05)

[node name="tree_palmBend48" parent="North Beach" instance=ExtResource("3_gcse5")]
transform = Transform3D(-0.861727, 0, 0.507373, 0, 1, 0, -0.507373, 0, -0.861727, 131.27, 0.0203018, 295.162)

[node name="tree_palmBend49" parent="North Beach" instance=ExtResource("3_gcse5")]
transform = Transform3D(0.150726, 0, 0.988576, 0, 1, 0, -0.988576, 0, 0.150726, 116.539, -2.67029e-05, 274.513)

[node name="tree_palmDetailedShort49" parent="North Beach" instance=ExtResource("4_xd1p1")]
transform = Transform3D(-0.987699, 0, 0.156366, 0, 1, 0, -0.156366, 0, -0.987699, 117.869, 0.0276375, 279.216)

[node name="tree_palmDetailedTall33" parent="North Beach" instance=ExtResource("5_8ygsk")]
transform = Transform3D(-0.0486405, 0, 0.998816, 0, 1, 0, -0.998816, 0, -0.0486405, 108.76, 0.0297356, 275.093)

[node name="tree_palmBend50" parent="North Beach" instance=ExtResource("3_gcse5")]
transform = Transform3D(0.0492161, 0, 0.998788, 0, 1, 0, -0.998788, 0, 0.0492161, 115.636, 0.029335, 278.647)

[node name="tree_palmDetailedShort50" parent="North Beach" instance=ExtResource("4_xd1p1")]
transform = Transform3D(0.531946, 0, 0.846779, 0, 1, 0, -0.846779, 0, 0.531946, 108.612, 0.0233383, 272.633)

[node name="tree_palmDetailedTall34" parent="North Beach" instance=ExtResource("5_8ygsk")]
transform = Transform3D(0.698902, 0, -0.715217, 0, 1, 0, 0.715217, 0, 0.698902, 103.419, 0.0290051, 271.947)

[node name="tree_palmDetailedShort51" parent="North Beach" instance=ExtResource("4_xd1p1")]
transform = Transform3D(-0.993959, 0, -0.109752, 0, 1, 0, 0.109752, 0, -0.993959, 105.829, 0.0234203, 271.164)

[node name="tree_palmBend51" parent="North Beach" instance=ExtResource("3_gcse5")]
transform = Transform3D(-0.908749, 0, -0.417344, 0, 1, 0, 0.417344, 0, -0.908749, 102.084, 0.0203056, 267.99)

[node name="tree_palmBend52" parent="North Beach" instance=ExtResource("3_gcse5")]
transform = Transform3D(0.684395, 0, 0.729112, 0, 1, 0, -0.729112, 0, 0.684395, 149.441, -2.67029e-05, 336.252)

[node name="tree_palmDetailedShort52" parent="North Beach" instance=ExtResource("4_xd1p1")]
transform = Transform3D(-0.725194, 0, 0.688545, 0, 1, 0, -0.688545, 0, -0.725194, 147.872, 0.0276375, 340.881)

[node name="tree_palmDetailedTall35" parent="North Beach" instance=ExtResource("5_8ygsk")]
transform = Transform3D(0.525932, 0, 0.850527, 0, 1, 0, -0.850527, 0, 0.525932, 141.246, 0.0297356, 337.729)

[node name="tree_palmBend53" parent="North Beach" instance=ExtResource("3_gcse5")]
transform = Transform3D(0.606544, 0, 0.79505, 0, 1, 0, -0.79505, 0, 0.606544, 146.355, 0.029335, 339.146)

[node name="tree_palmDetailedShort53" parent="North Beach" instance=ExtResource("4_xd1p1")]
transform = Transform3D(0.918143, 0, 0.396251, 0, 1, 0, -0.396251, 0, 0.918143, 137.578, 0.0233383, 338.441)

[node name="tree_palmDetailedTall36" parent="North Beach" instance=ExtResource("5_8ygsk")]
transform = Transform3D(0.170553, 0, -0.985349, 0, 1, 0, 0.985349, 0, 0.170553, 133.688, 0.0290051, 334.934)

[node name="tree_palmDetailedShort54" parent="North Beach" instance=ExtResource("4_xd1p1")]
transform = Transform3D(-0.881155, 0, 0.472828, 0, 1, 0, -0.472828, 0, -0.881155, 136.116, 0.0234203, 335.654)

[node name="tree_palmBend54" parent="North Beach" instance=ExtResource("3_gcse5")]
transform = Transform3D(-0.985253, 0, 0.171104, 0, 1, 0, -0.171104, 0, -0.985253, 134.83, 0.0203056, 330.917)

[node name="tree_palmBend55" parent="North Beach" instance=ExtResource("3_gcse5")]
transform = Transform3D(-0.755728, 0, -0.654886, 0, 1, 0, 0.654886, 0, -0.755728, 140.232, -2.67029e-05, 318.71)

[node name="tree_palmDetailedShort55" parent="North Beach" instance=ExtResource("4_xd1p1")]
transform = Transform3D(0.650562, 0, -0.759453, 0, 1, 0, 0.759453, 0, 0.650562, 142.269, 0.0276375, 314.267)

[node name="tree_palmDetailedTall37" parent="North Beach" instance=ExtResource("5_8ygsk")]
transform = Transform3D(-0.610588, 0, -0.791949, 0, 1, 0, 0.791949, 0, -0.610588, 146.53, 0.0297356, 323.313)

[node name="tree_palmBend56" parent="North Beach" instance=ExtResource("3_gcse5")]
transform = Transform3D(-0.685069, 0, -0.728478, 0, 1, 0, 0.728478, 0, -0.685069, 143.599, 0.029335, 316.149)

[node name="tree_palmDetailedShort56" parent="North Beach" instance=ExtResource("4_xd1p1")]
transform = Transform3D(-0.954016, 0, -0.299757, 0, 1, 0, 0.299757, 0, -0.954016, 145.047, 0.0233383, 325.281)

[node name="tree_palmDetailedTall38" parent="North Beach" instance=ExtResource("5_8ygsk")]
transform = Transform3D(-0.0683459, 0, 0.997662, 0, 1, 0, -0.997662, 0, -0.0683459, 148.556, 0.0290051, 329.17)

[node name="tree_palmDetailedShort57" parent="North Beach" instance=ExtResource("4_xd1p1")]
transform = Transform3D(0.827874, 0, -0.560914, 0, 1, 0, 0.560914, 0, 0.827874, 146.214, 0.0234203, 328.204)

[node name="tree_palmBend57" parent="North Beach" instance=ExtResource("3_gcse5")]
transform = Transform3D(0.962441, 0, -0.271491, 0, 1, 0, 0.271491, 0, 0.962441, 147.007, 0.0203056, 333.049)

[node name="tree_palmBend58" parent="North Beach" instance=ExtResource("3_gcse5")]
transform = Transform3D(0.964957, 0, -0.262408, 0, 1, 0, 0.262408, 0, 0.964957, 149.443, -2.67029e-05, 307.44)

[node name="tree_palmDetailedShort58" parent="North Beach" instance=ExtResource("4_xd1p1")]
transform = Transform3D(0.267911, 0, 0.963444, 0, 1, 0, -0.963444, 0, 0.267911, 144.619, 0.0276375, 308.225)

[node name="tree_palmDetailedTall39" parent="North Beach" instance=ExtResource("5_8ygsk")]
transform = Transform3D(0.997852, 0, -0.0655078, 0, 1, 0, 0.0655078, 0, 0.997852, 149.753, 0.0297356, 299.645)

[node name="tree_palmBend59" parent="North Beach" instance=ExtResource("3_gcse5")]
transform = Transform3D(0.986672, 0, -0.162724, 0, 1, 0, 0.162724, 0, 0.986672, 145.439, 0.029335, 306.072)

[node name="tree_palmDetailedShort59" parent="North Beach" instance=ExtResource("4_xd1p1")]
transform = Transform3D(0.780638, 0, -0.624984, 0, 1, 0, 0.624984, 0, 0.780638, 152.215, 0.0233383, 299.779)

[node name="tree_palmDetailedTall40" parent="North Beach" instance=ExtResource("5_8ygsk")]
transform = Transform3D(-0.790209, 0, -0.612838, 0, 1, 0, 0.612838, 0, -0.790209, 153.487, 0.0290051, 294.698)

[node name="tree_palmDetailedShort60" parent="North Beach" instance=ExtResource("4_xd1p1")]
